,Original Data,,Shifted Data,,Cumulative Volumes,,Relative Volume,,Average Relative Volume
Time,11/17/09,11/18/09,11/17/09,11/18/09,11/17/09,11/18/09,11/17/09,11/18/09,
08:30:00 AM,"5,481,106","4,641,719",0,0,0,0,0.00%,0.00%,0.00%
08:35:00 AM,"3,894,936","4,276,351","5,481,106","4,641,719","5,481,106","4,641,719",4.38%,3.50%,3.94%
08:40:00 AM,"3,661,186","6,311,199","3,894,936","4,276,351","9,376,042","8,918,070",7.49%,6.73%,7.11%
08:45:00 AM,"3,249,089","3,139,244","3,661,186","6,311,199","13,037,228","15,229,269",10.41%,11.49%,10.95%
08:50:00 AM,"2,670,915","6,107,960","3,249,089","3,139,244","16,286,317","18,368,513",13.00%,13.86%,13.43%
08:55:00 AM,"2,315,594","3,172,311","2,670,915","6,107,960","18,957,232","24,476,473",15.14%,18.47%,16.80%
09:00:00 AM,"2,613,043","2,565,106","2,315,594","3,172,311","21,272,826","27,648,784",16.98%,20.86%,18.92%
09:05:00 AM,"2,931,150","1,964,518","2,613,043","2,565,106","23,885,869","30,213,890",19.07%,22.79%,20.93%
09:10:00 AM,"2,450,346","4,332,998","2,931,150","1,964,518","26,817,019","32,178,408",21.41%,24.28%,22.84%
09:15:00 AM,"2,153,387","1,882,892","2,450,346","4,332,998","29,267,365","36,511,406",23.37%,27.55%,25.46%
09:20:00 AM,"2,483,071","1,679,832","2,153,387","1,882,892","31,420,752","38,394,298",25.09%,28.97%,27.03%
09:25:00 AM,"2,041,237","1,831,072","2,483,071","1,679,832","33,903,823","40,074,130",27.07%,30.23%,28.65%
09:30:00 AM,"2,690,166","2,302,840","2,041,237","1,831,072","35,945,060","41,905,202",28.70%,31.61%,30.16%
09:35:00 AM,"1,934,209","1,444,503","2,690,166","2,302,840","38,635,226","44,208,042",30.85%,33.35%,32.10%
09:40:00 AM,"2,749,402","4,513,237","1,934,209","1,444,503","40,569,435","45,652,545",32.39%,34.44%,33.42%
09:45:00 AM,"1,476,059","3,724,565","2,749,402","4,513,237","43,318,837","50,165,782",34.59%,37.85%,36.22%
09:50:00 AM,"2,634,106","1,566,116","1,476,059","3,724,565","44,794,896","53,890,347",35.76%,40.66%,38.21%
09:55:00 AM,"1,379,601","1,713,466","2,634,106","1,566,116","47,429,002","55,456,463",37.87%,41.84%,39.85%
10:00:00 AM,"846,920","2,383,477","1,379,601","1,713,466","48,808,603","57,169,929",38.97%,43.13%,41.05%
10:05:00 AM,"1,444,522","2,608,452","846,920","2,383,477","49,655,523","59,553,406",39.65%,44.93%,42.29%
10:10:00 AM,"1,903,529","1,973,639","1,444,522","2,608,452","51,100,045","62,161,858",40.80%,46.90%,43.85%
10:15:00 AM,"2,211,009","1,343,447","1,903,529","1,973,639","53,003,574","64,135,497",42.32%,48.39%,45.35%
10:20:00 AM,"1,295,839","770,576","2,211,009","1,343,447","55,214,583","65,478,944",44.08%,49.40%,46.74%
10:25:00 AM,"950,895","572,204","1,295,839","770,576","56,510,422","66,249,520",45.12%,49.98%,47.55%
10:30:00 AM,"1,091,026","1,323,198","950,895","572,204","57,461,317","66,821,724",45.88%,50.41%,48.15%
10:35:00 AM,"1,167,601","518,204","1,091,026","1,323,198","58,552,343","68,144,922",46.75%,51.41%,49.08%
10:40:00 AM,"731,686","706,981","1,167,601","518,204","59,719,944","68,663,126",47.68%,51.80%,49.74%
10:45:00 AM,"1,159,997","1,125,071","731,686","706,981","60,451,630","69,370,107",48.27%,52.34%,50.30%
10:50:00 AM,"1,113,370","883,029","1,159,997","1,125,071","61,611,627","70,495,178",49.19%,53.18%,51.19%
10:55:00 AM,"1,279,499","661,378","1,113,370","883,029","62,724,997","71,378,207",50.08%,53.85%,51.97%
11:00:00 AM,"999,740","826,313","1,279,499","661,378","64,004,496","72,039,585",51.10%,54.35%,52.73%
11:05:00 AM,"784,804","551,008","999,740","826,313","65,004,236","72,865,898",51.90%,54.97%,53.44%
11:10:00 AM,"1,695,186","854,589","784,804","551,008","65,789,040","73,416,906",52.53%,55.39%,53.96%
11:15:00 AM,"435,983","607,553","1,695,186","854,589","67,484,226","74,271,495",53.88%,56.03%,54.96%
11:20:00 AM,"1,214,923","860,073","435,983","607,553","67,920,209","74,879,048",54.23%,56.49%,55.36%
11:25:00 AM,"956,040","849,334","1,214,923","860,073","69,135,132","75,739,121",55.20%,57.14%,56.17%
11:30:00 AM,"1,476,838","774,914","956,040","849,334","70,091,172","76,588,455",55.96%,57.78%,56.87%
11:35:00 AM,"780,204","773,057","1,476,838","774,914","71,568,010","77,363,369",57.14%,58.37%,57.75%
11:40:00 AM,"910,081","470,133","780,204","773,057","72,348,214","78,136,426",57.76%,58.95%,58.36%
11:45:00 AM,"283,649","974,547","910,081","470,133","73,258,295","78,606,559",58.49%,59.30%,58.90%
11:50:00 AM,"816,798","1,038,027","283,649","974,547","73,541,944","79,581,106",58.72%,60.04%,59.38%
11:55:00 AM,"346,427","2,097,238","816,798","1,038,027","74,358,742","80,619,133",59.37%,60.82%,60.10%
12:00:00 PM,"2,039,748","2,257,666","346,427","2,097,238","74,705,169","82,716,371",59.65%,62.40%,61.02%
12:05:00 PM,"876,409","687,518","2,039,748","2,257,666","76,744,917","84,974,037",61.27%,64.11%,62.69%
12:10:00 PM,"1,164,743","1,625,257","876,409","687,518","77,621,326","85,661,555",61.97%,64.63%,63.30%
12:15:00 PM,"764,649","2,015,867","1,164,743","1,625,257","78,786,069","87,286,812",62.90%,65.85%,64.38%
12:20:00 PM,"1,055,493","1,193,665","764,649","2,015,867","79,550,718","89,302,679",63.51%,67.37%,65.44%
12:25:00 PM,"1,009,489","1,218,385","1,055,493","1,193,665","80,606,211","90,496,344",64.36%,68.27%,66.32%
12:30:00 PM,"491,731","1,532,953","1,009,489","1,218,385","81,615,700","91,714,729",65.16%,69.19%,67.18%
12:35:00 PM,"572,225","714,143","491,731","1,532,953","82,107,431","93,247,682",65.56%,70.35%,67.95%
12:40:00 PM,"1,691,630","1,346,766","572,225","714,143","82,679,656","93,961,825",66.01%,70.89%,68.45%
12:45:00 PM,"1,127,783","555,815","1,691,630","1,346,766","84,371,286","95,308,591",67.36%,71.90%,69.63%
12:50:00 PM,"746,752","654,951","1,127,783","555,815","85,499,069","95,864,406",68.26%,72.32%,70.29%
12:55:00 PM,"1,213,688","731,410","746,752","654,951","86,245,821","96,519,357",68.86%,72.82%,70.84%
01:00:00 PM,"558,631","625,860","1,213,688","731,410","87,459,509","97,250,767",69.83%,73.37%,71.60%
01:05:00 PM,"900,753","1,398,982","558,631","625,860","88,018,140","97,876,627",70.27%,73.84%,72.06%
01:10:00 PM,"999,790","891,420","900,753","1,398,982","88,918,893","99,275,609",70.99%,74.90%,72.95%
01:15:00 PM,"1,225,156","685,835","999,790","891,420","89,918,683","100,167,029",71.79%,75.57%,73.68%
01:20:00 PM,"982,025","990,697","1,225,156","685,835","91,143,839","100,852,864",72.77%,76.09%,74.43%
01:25:00 PM,"659,116","815,766","982,025","990,697","92,125,864","101,843,561",73.55%,76.83%,75.19%
01:30:00 PM,"2,572,442","726,682","659,116","815,766","92,784,980","102,659,327",74.08%,77.45%,75.77%
01:35:00 PM,"863,528","411,988","2,572,442","726,682","95,357,422","103,386,009",76.13%,78.00%,77.07%
01:40:00 PM,"829,283","830,318","863,528","411,988","96,220,950","103,797,997",76.82%,78.31%,77.57%
01:45:00 PM,"944,979","795,469","829,283","830,318","97,050,233","104,628,315",77.49%,78.94%,78.21%
01:50:00 PM,"3,382,473","1,276,613","944,979","795,469","97,995,212","105,423,784",78.24%,79.54%,78.89%
01:55:00 PM,"927,674","1,402,361","3,382,473","1,276,613","101,377,685","106,700,397",80.94%,80.50%,80.72%
02:00:00 PM,"1,294,724","793,415","927,674","1,402,361","102,305,359","108,102,758",81.68%,81.56%,81.62%
02:05:00 PM,"2,259,817","1,507,166","1,294,724","793,415","103,600,083","108,896,173",82.72%,82.16%,82.44%
02:10:00 PM,"1,523,359","1,000,321","2,259,817","1,507,166","105,859,900","110,403,339",84.52%,83.29%,83.91%
02:15:00 PM,"642,712","1,982,660","1,523,359","1,000,321","107,383,259","111,403,660",85.74%,84.05%,84.89%
02:20:00 PM,"942,991","511,423","642,712","1,982,660","108,025,971","113,386,320",86.25%,85.54%,85.90%
02:25:00 PM,"1,135,257","1,971,815","942,991","511,423","108,968,962","113,897,743",87.00%,85.93%,86.47%
02:30:00 PM,"1,165,029","1,367,093","1,135,257","1,971,815","110,104,219","115,869,558",87.91%,87.42%,87.66%
02:35:00 PM,"1,915,468","1,218,814","1,165,029","1,367,093","111,269,248","117,236,651",88.84%,88.45%,88.64%
02:40:00 PM,"2,123,063","1,685,325","1,915,468","1,218,814","113,184,716","118,455,465",90.37%,89.37%,89.87%
02:45:00 PM,"2,430,050","3,334,033","2,123,063","1,685,325","115,307,779","120,140,790",92.06%,90.64%,91.35%
02:50:00 PM,"1,780,954","2,976,201","2,430,050","3,334,033","117,737,829","123,474,823",94.00%,93.15%,93.58%
02:55:00 PM,"5,730,338","6,097,755","1,780,954","2,976,201","119,518,783","126,451,024",95.42%,95.40%,95.41%
03:00:00 PM,0,0,"5,730,338","6,097,755","125,249,121","132,548,779",100.00%,100.00%,100.00%
